>> train_svm_model
|=================================================================================================|
| Iter | Eval   | Objective  | Objective  | BestSoFar  | BestSoFar  | BoxConstrain-|  KernelScale |
|      | result |            | runtime    | (observed) | (estim.)   | t            |              |
|=================================================================================================|
|    1 | Best   |    0.10235 |     49.685 |    0.10235 |    0.10235 |    0.0022422 |       298.76 |
|    2 | Best   |   0.068184 |      81.86 |   0.068184 |   0.070345 |       6.1817 |      0.28512 |
|    3 | Accept |    0.10235 |     59.198 |   0.068184 |   0.068186 |       134.14 |       313.95 |
|    4 | Accept |    0.10235 |     165.87 |   0.068184 |   0.068187 |    0.0039165 |    0.0021583 |
|    5 | Accept |     0.0886 |     75.329 |   0.068184 |   0.068187 |      0.62159 |      0.89266 |
|    6 | Accept |   0.069754 |     64.286 |   0.068184 |    0.06819 |     0.089624 |      0.16184 |
|    7 | Accept |   0.074619 |     64.874 |   0.068184 |   0.071246 |      0.03449 |      0.22863 |
|    8 | Best   |   0.059527 |     3698.3 |   0.059527 |   0.059528 |       242.71 |       0.1119 |
|    9 | Accept |   0.059756 |     3992.4 |   0.059527 |    0.05953 |       999.95 |      0.15806 |
|   10 | Accept |    0.06194 |     4751.2 |   0.059527 |   0.059541 |       985.41 |     0.064726 |
|   11 | Accept |   0.059986 |     3926.7 |   0.059527 |   0.059702 |       930.28 |      0.11935 |


for all but euan data
